0.750005088982
0.750025444903
0.750034050123
0.750127224516
0.750156563629
0.750170250614
0.750602043007
0.75063612258
0.750650041652
0.750782818145
0.750834027481
0.750851253068
0.753001526695
0.753010215037
0.753046969089
0.753180612902
0.753195012496
0.753250208244
0.753900458008
0.753914090727
0.753958503749
0.754170137403
0.754187551125
0.754256265337
0.84
0.765007633471
0.765038167355
0.765051075184
0.765190836774
0.765234845444
0.76525537592
0.765903064511
0.765954183871
0.765975062473
0.766174227218
0.766251041221
0.766276879601
0.769502290041
0.769515322555
0.769570453633
0.769770919353
0.769792518742
0.769875312366
0.770850687012
0.77087113609
0.770937755623
0.771255206104
0.771281326687
0.771384398006
1.2
0.825007633471
0.825038167355
0.825051075184
0.825190836774
0.825234845444
0.82525537592
0.825903064511
0.825954183871
0.825975062473
0.826174227218
0.826251041221
0.826276879601
0.829502290041
0.829515322555
0.829570453633
0.829770919353
0.829792518742
0.829875312366
0.830850687012
0.83087113609
0.830937755623
0.831255206104
0.831281326687
0.831384398006
0.96
0.847511450206
0.847557251032
0.847576612776
0.847786255161
0.847852268165
0.84788306388
0.848854596767
0.848931275806
0.84896259371
0.849261340827
0.849376561831
0.849415319402
0.854253435062
0.854272983833
0.85435568045
0.85465637903
0.854688778113
0.854812968549
0.856276030519
0.856306704135
0.856406633434
0.856882809156
0.85692199003
0.857076597009
2
