-0.408724591341
-0.302013422819
-0.23293768546
-0.174311926606
-0.118745332338
-0.0794559770938
-0.419026870007
-0.455202312139
-0.474526928675
-0.542186626932
-0.632683658171
-0.339130434783
-0.260869565217
-0.194630872483
-0.199066874028
-0.0334075723831
-0.4169797145
-0.499626587005
-0.469604863222
-0.546107331822
-0.606779661017
-0.346026490066
-0.311897106109
-0.151635282458
-0.164467897977
-0.0728597449909
-0.399653979239
-0.485614646905
-0.565523306948
-0.555923092826
-0.619611158073
-0.328178694158
-0.24635193133
-0.20826446281
-0.188078108941
-0.105461393597
-0.399267399267
-0.482728077945
-0.509401709402
-0.531201073585
-0.610236220472
-0.363006923838
-0.324927255092
-0.186473429952
-0.109359605911
-0.124105011933
-0.43779677113
-0.436419125127
-0.514792899408
-0.525793650794
-0.412182741117
-0.23814229249
-0.0890774125133
-0.0682281059063
0.0536635706914
0.0359085963003
-0.0388739946381
-0.340022296544
-0.395833333333
-0.418325606763
-0.181711606096
0.155172413793
0.186298076923
0.241798298906
0.363744075829
0.198598130841
0.391941391941
0.199701937407
-0.180572851806
-0.167509481669
0.0930817610063
0.459610027855
0.520053475936
0.519595448799
0.531799729364
0.427656850192
0.581395348837
0.623641304348
0.330341113106
0.0983772819473
0.278654770075
0.663454920853
0.806671204901
0.727272727273
0.753761969904
0.655817174515
0.764157706093
0.762195121951
0.789880534083
0.557063658956
0
0
0
0
0
0
0
0
0
0