-0.43928035982
-0.666666666667
-0.266666666667
-0.371428571429
-0.37037037037
-0.166666666667
-0.173076923077
-0.208333333333
-0.0597014925373
-0.354166666667
-0.321428571429
0
0.0
0
0.0
-0.0416666666667
-0.219512195122
0
-0.49
0
0.0
-0.130434782609
0
0
-0.0212765957447
0.1
0
-0.4375
-0.181818181818
0
-0.217391304348
0
0.21875
0
0
-0.333333333333
-0.382352941176
0
0
0
0.04
0
0.375
0
0
-0.346153846154
0
0
0.48
-0.2
0
0
0
0
-0.295454545455
0
0.739130434783
0
0
0
0
0
0
0.148936170213
0.923076923077
0
0
0
0
0
0
0
0.518518518519
0
0
0
0
0
0
0
0
1.0
0
0
0
0
0
0
0
0
0
0
0
0
0
0
0
0
0
0