-0.654822335025
-0.324599708879
-0.25238744884
-0.140056022409
-0.0420899854862
-0.109660574413
-0.474412171508
-0.439783491204
-0.469281045752
-0.555097837281
-0.631469979296
-0.390300230947
-0.383561643836
-0.19733924612
-0.106481481481
-0.00826446280992
-0.429885057471
-0.439330543933
-0.507829977629
-0.551652892562
-0.538847117794
-0.315136476427
-0.288888888889
-0.228260869565
-0.045197740113
-0.129411764706
-0.42328042328
-0.518005540166
-0.627397260274
-0.553805774278
-0.743902439024
-0.310160427807
-0.201183431953
-0.0606060606061
-0.180428134557
-0.0919881305638
-0.493150684932
-0.475675675676
-0.502793296089
-0.570535093815
-0.625850340136
-0.236363636364
-0.291228070175
-0.185185185185
-0.165354330709
-0.0308370044053
-0.444816053512
-0.508064516129
-0.558528428094
-0.560763888889
-0.494880546075
-0.153094462541
-0.0114942528736
-0.0723684210526
0.105691056911
-0.0191570881226
-0.0416666666667
-0.307984790875
-0.496428571429
-0.415883859949
-0.226315789474
0.201149425287
0.343195266272
0.345454545455
0.229885057471
0.367441860465
0.37908496732
0.0932642487047
-0.158469945355
-0.141742522757
-0.00505050505051
0.443902439024
0.59649122807
0.505434782609
0.489361702128
0.412060301508
0.611650485437
0.614457831325
0.372222222222
0.0446428571429
0.364583333333
0.77027027027
0.829545454545
0.791208791209
0.761904761905
0.761363636364
0.798076923077
0.63829787234
0.864197530864
0.5
0.646048109966
0.914438502674
0.92972972973
0.926829268293
0.91847826087
0.917647058824
0.899497487437
0.945169712794
0.93984962406
0.940220922677